graph_reader:OK
canvas
1 38.0 39.0 98.0 99.0 node 
2 68.0 69.0 text 
3 77.0 146.0 137.0 206.0 node 
4 107.0 176.0 text 
5 251.0 103.0 311.0 163.0 node 
6 281.0 133.0 text 
7 256.0 32.0 316.0 92.0 node 
8 286.0 62.0 text 
9 513.0 101.0 573.0 161.0 node 
10 543.0 131.0 text 
11 259.0 237.0 319.0 297.0 node 
12 289.0 267.0 text 
13 183.0 185.0 243.0 245.0 node 
14 213.0 215.0 text 
15 468.0 204.0 528.0 264.0 node 
16 498.0 234.0 text 
17 318.63288895987205 262.3211227958097 468.36711104012795 238.67887720419031 
18 510.0105620764836 206.5091579138264 530.9894379235163 158.4908420861736 
19 290.0 100.0 350.0 160.0 node 
20 320.0 130.0 text 
21 349.99969836968813 130.13452779537977 513.0003016303118 130.86547220462023 
22 313.3790637553131 159.2602666297454 295.6209362446869 237.7397333702546 
23 264.24078216250507 250.05948253224028 237.75921783749496 231.94051746775972 
24 232.1500760878357 191.9072611881981 261.8499239121643 156.0927388118019 
25 306.58359213500125 103.16718427000252 299.41640786499875 88.83281572999748 
26 260.6959778607114 78.11541074792679 132.30402213928855 159.8845892520732 
27 252.26892661273453 124.36718921697188 96.73107338726545 77.63281078302812 
node_list
1 3 5 7 9 11 13 15 19 
end